0.000 0
0.050 1
0.101 2
0.151 3
0.202 4
0.253 5
0.303 6
0.354 7
0.405 8
0.456 9
0.507 10
0.558 11
0.609 12
0.660 13
0.711 14
0.762 15
0.814 16
0.865 17
0.916 18
0.968 19
1.019 20
1.071 21
1.122 22
1.174 23
1.226 24
1.277 25
1.329 26
1.381 27
1.433 28
1.485 29
1.537 30
1.589 31
1.641 32
1.693 33
1.745 34
1.797 35
1.849 36
1.902 37
1.954 38
2.006 39
2.059 40
2.111 41
2.164 42
2.216 43
2.269 44
2.322 45
2.374 46
2.427 47
2.480 48
2.532 49
2.585 50
2.638 51
2.691 52
2.744 53
2.797 54
2.850 55
2.903 56
2.956 57
3.009 58
3.062 59
3.116 60
3.169 61
3.222 62
3.275 63
3.329 64
3.382 65
3.436 66
3.489 67
3.543 68
3.596 69
3.650 70
3.703 71
3.757 72
3.810 73
3.864 74
3.918 75
3.971 76
4.025 77
4.079 78
4.133 79
4.187 80
4.240 81
4.294 82
4.348 83
4.402 84
4.456 85
4.510 86
4.564 87
4.618 88
4.672 89
4.726 90
4.781 91
4.835 92
4.889 93
4.943 94
4.997 95
5.052 96
5.106 97
5.160 98
5.215 99
5.269 100
5.323 101
5.378 102
5.432 103
5.487 104
5.541 105
5.595 106
5.650 107
5.705 108
5.759 109
5.814 110
5.868 111
5.923 112
5.977 113
6.032 114
6.087 115
6.141 116
6.196 117
6.251 118
6.306 119
6.360 120
6.415 121
6.470 122
6.525 123
6.579 124
6.634 125
6.689 126
6.744 127
6.799 128
6.854 129
6.909 130
6.964 131
7.019 132
7.074 133
7.129 134
7.184 135
7.239 136
7.294 137
7.349 138
7.404 139
7.459 140
7.514 141
7.569 142
7.624 143
7.679 144
7.734 145
7.789 146
7.844 147
7.900 148
7.955 149
8.010 150
8.065 151
8.120 152
8.175 153
8.231 154
8.286 155
8.341 156
8.396 157
8.452 158
8.507 159
8.562 160
8.618 161
8.673 162
8.728 163
8.783 164
8.839 165
8.894 166
8.949 167
9.005 168
9.060 169
9.115 170
9.171 171
9.226 172
9.282 173
9.337 174
9.392 175
9.448 176
9.503 177
9.559 178
9.614 179
9.669 180
9.725 181
9.780 182
9.836 183
9.891 184
9.947 185
10.002 186
10.057 187
10.113 188
10.168 189
10.224 190
10.279 191
10.335 192
10.390 193
10.446 194
10.501 195
10.557 196
10.612 197
10.668 198
10.723 199
10.779 200
10.834 201
10.890 202
10.945 203
11.001 204
11.056 205
11.112 206
11.167 207
11.223 208
11.278 209
11.334 210
11.389 211
11.445 212
11.501 213
11.556 214
11.612 215
11.667 216
11.723 217
11.778 218
11.834 219
11.889 220
11.945 221
12.000 222
12.056 223
12.111 224
12.167 225
12.222 226
12.278 227
12.334 228
12.389 229
12.445 230
12.500 231
12.556 232
12.611 233
12.667 234
12.722 235
12.778 236
12.833 237
12.889 238
12.944 239
13.000 240
13.056 241
13.111 242
13.167 243
13.222 244
13.278 245
13.333 246
13.389 247
13.444 248
13.500 249
13.555 250
13.611 251
13.666 252
13.722 253
13.777 254
13.833 255
13.888 256
13.944 257
13.999 258
14.055 259
14.110 260
14.166 261
14.221 262
14.277 263
14.332 264
14.388 265
14.443 266
14.499 267
14.554 268
14.609 269
14.665 270
14.720 271
14.776 272
14.831 273
14.887 274
14.942 275
14.998 276
15.053 277
15.109 278
15.164 279
15.219 280
15.275 281
15.330 282
15.386 283
15.441 284
15.496 285
15.552 286
15.607 287
15.663 288
15.718 289
15.773 290
15.829 291
15.884 292
15.940 293
15.995 294
16.050 295
16.106 296
16.161 297
16.216 298
16.272 299
16.327 300
16.383 301
16.438 302
16.493 303
16.549 304
16.604 305
16.659 306
16.715 307
16.770 308
16.825 309
16.881 310
16.936 311
16.991 312
17.046 313
17.102 314
17.157 315
17.212 316
17.268 317
17.323 318
17.378 319
17.434 320
17.489 321
17.544 322
17.599 323
17.655 324
17.710 325
17.765 326
17.820 327
17.876 328
17.931 329
17.986 330
18.041 331
18.097 332
18.152 333
18.207 334
18.262 335
18.318 336
18.373 337
18.428 338
18.483 339
18.538 340
18.594 341
18.649 342
18.704 343
18.759 344
18.814 345
18.870 346
18.925 347
18.980 348
19.035 349
19.090 350
19.146 351
19.201 352
19.256 353
19.311 354
19.366 355
19.422 356
19.477 357
19.532 358
19.587 359
19.642 360
19.697 361
19.753 362
19.808 363
19.863 364
19.918 365
19.973 366
20.028 367
20.083 368
20.139 369
20.194 370
20.249 371
20.304 372
20.359 373
20.414 374
20.469 375
20.525 376
20.580 377
20.635 378
20.690 379
20.745 380
20.800 381
20.855 382
20.911 383
20.966 384
21.021 385
21.076 386
21.131 387
21.186 388
21.241 389
21.297 390
21.352 391
21.407 392
21.462 393
21.517 394
21.572 395
21.627 396
21.683 397
21.738 398
21.793 399
21.848 400
21.903 401
21.958 402
22.014 403
22.069 404
22.124 405
22.179 406
22.234 407
22.289 408
22.345 409
22.400 410
22.455 411
22.510 412
22.565 413
22.620 414
22.676 415
22.731 416
22.786 417
22.841 418
22.896 419
22.952 420
23.007 421
23.062 422
23.117 423
23.172 424
23.228 425
23.283 426
23.338 427
23.393 428
23.449 429
23.504 430
23.559 431
23.614 432
23.670 433
23.725 434
23.780 435
23.835 436
23.891 437
23.946 438
24.001 439
24.057 440
24.112 441
24.167 442
24.223 443
24.278 444
24.333 445
24.389 446
24.444 447
24.499 448
24.555 449
24.610 450
24.665 451
24.721 452
24.776 453
24.832 454
24.887 455
24.943 456
24.998 457
25.053 458
25.109 459
25.164 460
25.220 461
25.275 462
25.331 463
25.386 464
25.442 465
25.497 466
25.553 467
25.608 468
25.664 469
25.720 470
25.775 471
25.831 472
25.886 473
25.942 474
25.998 475
26.053 476
26.109 477
26.165 478
26.220 479
26.276 480
26.332 481
26.387 482
26.443 483
26.499 484
26.555 485
26.610 486
26.666 487
26.722 488
26.778 489
26.834 490
26.889 491
26.945 492
27.001 493
27.057 494
27.113 495
27.169 496
27.225 497
27.281 498
27.337 499
27.393 500
27.449 501
27.505 502
27.561 503
27.617 504
27.673 505
27.729 506
27.785 507
27.841 508
27.897 509
27.953 510
28.010 511
28.066 512
28.122 513
28.178 514
28.234 515
28.291 516
28.347 517
28.403 518
28.460 519
28.516 520
28.572 521
28.629 522
28.685 523
28.741 524
28.798 525
28.854 526
28.911 527
28.967 528
29.024 529
29.080 530
29.137 531
29.194 532
29.250 533
29.307 534
29.363 535
29.420 536
29.477 537
29.534 538
29.590 539
29.647 540
29.704 541
29.761 542
29.818 543
29.874 544
29.931 545
29.988 546
30.045 547
30.102 548
30.159 549
30.216 550
30.273 551
30.330 552
30.387 553
30.444 554
30.502 555
30.559 556
30.616 557
30.673 558
30.730 559
30.788 560
30.845 561
30.902 562
30.960 563
31.017 564
31.074 565
31.132 566
31.189 567
31.247 568
31.304 569
31.362 570
31.419 571
31.477 572
31.535 573
31.592 574
31.650 575
31.708 576
31.766 577
31.823 578
31.881 579
31.939 580
31.997 581
32.055 582
32.113 583
32.171 584
32.229 585
32.287 586
32.345 587
32.403 588
32.461 589
32.519 590
32.577 591
32.636 592
32.694 593
32.752 594
32.810 595
32.869 596
32.927 597
32.985 598
33.044 599
33.102 600
33.161 601
33.219 602
33.278 603
33.337 604
33.395 605
33.454 606
33.513 607
33.571 608
33.630 609
33.689 610
33.748 611
33.807 612
33.866 613
33.925 614
33.984 615
34.043 616
34.102 617
34.161 618
34.220 619
34.279 620
34.338 621
34.397 622
34.457 623
34.516 624
34.575 625
34.635 626
34.694 627
34.754 628
34.813 629
34.873 630
34.932 631
34.992 632
35.051 633
35.111 634
35.171 635
35.230 636
35.290 637
35.350 638
35.410 639
35.470 640
35.530 641
35.590 642
35.650 643
35.710 644
35.770 645
35.830 646
35.890 647
35.950 648
36.010 649
36.071 650
36.131 651
36.191 652
36.252 653
36.312 654
36.373 655
36.433 656
36.494 657
36.554 658
36.615 659
36.675 660
36.736 661
36.797 662
36.858 663
36.918 664
36.979 665
37.040 666
37.101 667
37.162 668
37.223 669
37.284 670
37.345 671
37.406 672
37.467 673
37.528 674
37.590 675
37.651 676
37.712 677
37.773 678
37.835 679
37.896 680
37.958 681
38.019 682
38.081 683
38.142 684
38.204 685
38.265 686
38.327 687
38.389 688
38.450 689
38.512 690
38.574 691
38.636 692
38.698 693
38.760 694
38.822 695
38.884 696
38.946 697
39.008 698
39.070 699
39.132 700
39.194 701
39.256 702
39.318 703
39.381 704
39.443 705
39.505 706
39.568 707
39.630 708
39.693 709
39.755 710
39.818 711
39.880 712
39.943 713
40.005 714
40.068 715
40.131 716
40.193 717
40.256 718
40.319 719
40.382 720
40.445 721
40.508 722
40.570 723
40.633 724
40.696 725
40.759 726
40.822 727
40.886 728
40.949 729
41.012 730
41.075 731
41.138 732
41.201 733
41.265 734
41.328 735
41.391 736
41.455 737
41.518 738
41.581 739
41.645 740
41.708 741
41.772 742
41.835 743
41.899 744
41.962 745
42.026 746
42.090 747
42.153 748
42.217 749
42.281 750
42.344 751
42.408 752
42.472 753
42.536 754
42.599 755
42.663 756
42.727 757
42.791 758
42.855 759
42.919 760
42.983 761
43.047 762
43.111 763
43.175 764
43.239 765
43.303 766
43.367 767
43.431 768
43.495 769
43.559 770
43.624 771
43.688 772
43.752 773
43.817 774
43.881 775
43.945 776
44.010 777
44.074 778
44.139 779
44.203 780
44.267 781
44.332 782
44.396 783
44.461 784
44.525 785
44.590 786
44.655 787
44.719 788
44.784 789
44.848 790
44.913 791
44.977 792
45.042 793
45.107 794
45.171 795
45.236 796
45.301 797
45.365 798
45.430 799
45.494 800
45.559 801
45.624 802
45.688 803
45.753 804
45.818 805
45.882 806
45.947 807
46.011 808
46.076 809
46.141 810
46.205 811
46.270 812
46.334 813
46.399 814
46.464 815
46.528 816
46.593 817
46.657 818
46.722 819
46.786 820
46.851 821
46.915 822
46.980 823
47.044 824
47.109 825
47.173 826
47.238 827
47.302 828
47.367 829
47.431 830
47.495 831
47.560 832
47.624 833
47.688 834
47.753 835
47.817 836
47.881 837
47.946 838
48.010 839
48.074 840
48.138 841
48.202 842
48.267 843
48.331 844
48.395 845
48.459 846
48.523 847
48.587 848
48.651 849
48.715 850
48.779 851
48.843 852
48.907 853
48.971 854
49.034 855
49.098 856
49.162 857
49.226 858
49.290 859
49.353 860
49.417 861
49.481 862
49.544 863
49.608 864
49.672 865
49.735 866
49.799 867
49.862 868
49.926 869
49.989 870
50.052 871
50.116 872
50.179 873
50.243 874
50.306 875
50.369 876
50.432 877
50.495 878
50.559 879
50.622 880
50.685 881
50.748 882
50.811 883
50.874 884
50.937 885
51.000 886
51.063 887
51.126 888
51.188 889
51.251 890
51.314 891
51.377 892
51.439 893
51.502 894
51.565 895
51.627 896
51.690 897
51.752 898
51.815 899
51.877 900
51.940 901
52.002 902
52.064 903
52.127 904
52.189 905
52.251 906
52.314 907
52.376 908
52.438 909
52.500 910
52.562 911
52.624 912
52.686 913
52.748 914
52.810 915
52.872 916
52.934 917
52.996 918
53.057 919
53.119 920
53.181 921
53.243 922
53.304 923
53.366 924
53.427 925
53.489 926
53.550 927
53.612 928
53.673 929
53.735 930
53.796 931
53.857 932
53.919 933
53.980 934
54.041 935
54.102 936
54.164 937
54.225 938
54.286 939
54.347 940
54.408 941
54.469 942
54.530 943
54.591 944
54.652 945
54.713 946
54.773 947
54.834 948
54.895 949
54.956 950
55.016 951
55.077 952
55.138 953
55.198 954
55.259 955
55.319 956
55.380 957
55.440 958
55.501 959
55.561 960
55.622 961
55.682 962
55.742 963
55.803 964
55.863 965
55.923 966
55.983 967
56.043 968
56.104 969
56.164 970
56.224 971
56.284 972
56.344 973
56.404 974
56.464 975
56.524 976
56.584 977
56.643 978
56.703 979
56.763 980
56.823 981
56.883 982
56.942 983
57.002 984
57.062 985
57.121 986
57.181 987
57.240 988
57.300 989
57.360 990
57.419 991
57.479 992
57.538 993
57.597 994
57.657 995
57.716 996
57.776 997
57.835 998
57.894 999
57.953 1000
58.013 1001
58.072 1002
58.131 1003
58.190 1004
58.249 1005
58.309 1006
58.368 1007
58.427 1008
58.486 1009
58.545 1010
58.604 1011
58.663 1012
58.722 1013
58.781 1014
58.840 1015
58.899 1016
58.957 1017
59.016 1018
59.075 1019
59.134 1020
59.193 1021
59.252 1022
59.310 1023
59.369 1024
59.428 1025
59.487 1026
59.545 1027
59.604 1028
59.663 1029
59.721 1030
59.780 1031
59.838 1032
59.897 1033
59.956 1034
60.014 1035
60.073 1036
60.131 1037
60.190 1038
60.248 1039
60.307 1040
60.365 1041
60.423 1042
60.482 1043
60.540 1044
60.599 1045
60.657 1046
60.715 1047
60.774 1048
60.832 1049
60.890 1050
60.949 1051
61.007 1052
61.065 1053
61.123 1054
61.182 1055
61.240 1056
61.298 1057
61.356 1058
61.415 1059
61.473 1060
61.531 1061
61.589 1062
61.647 1063
61.705 1064
61.763 1065
61.822 1066
61.880 1067
61.938 1068
61.996 1069
62.054 1070
62.112 1071
62.170 1072
62.228 1073
62.286 1074
62.344 1075
62.402 1076
62.460 1077
62.518 1078
62.576 1079
62.634 1080
62.692 1081
62.750 1082
62.808 1083
62.866 1084
62.924 1085
62.982 1086
63.040 1087
63.098 1088
63.156 1089
63.214 1090
63.271 1091
63.329 1092
63.387 1093
63.445 1094
63.503 1095
63.561 1096
63.619 1097
63.677 1098
63.734 1099
63.792 1100
63.850 1101
63.908 1102
63.966 1103
64.024 1104
64.081 1105
64.139 1106
64.197 1107
64.255 1108
64.313 1109
64.370 1110
64.428 1111
64.486 1112
64.544 1113
64.602 1114
64.659 1115
64.717 1116
64.775 1117
64.833 1118
64.890 1119
64.948 1120
65.006 1121
65.064 1122
65.121 1123
65.179 1124
65.237 1125
65.295 1126
65.352 1127
65.410 1128
65.468 1129
65.525 1130
65.583 1131
65.641 1132
65.699 1133
65.756 1134
65.814 1135
65.872 1136
65.929 1137
65.987 1138
66.045 1139
66.102 1140
66.160 1141
66.218 1142
66.275 1143
66.333 1144
66.391 1145
66.448 1146
66.506 1147
66.564 1148
66.621 1149
66.679 1150
66.737 1151
66.794 1152
66.852 1153
66.910 1154
66.967 1155
67.025 1156
67.082 1157
67.140 1158
67.198 1159
67.255 1160
67.313 1161
67.370 1162
67.428 1163
67.486 1164
67.543 1165
67.601 1166
67.658 1167
67.716 1168
67.773 1169
67.831 1170
67.888 1171
67.946 1172
68.003 1173
68.061 1174
68.119 1175
68.176 1176
68.234 1177
68.291 1178
68.348 1179
68.406 1180
68.463 1181
68.521 1182
68.578 1183
68.636 1184
68.693 1185
68.751 1186
68.808 1187
68.865 1188
68.923 1189
68.980 1190
69.037 1191
69.095 1192
69.152 1193
69.209 1194
69.267 1195
69.324 1196
69.381 1197
69.439 1198
69.496 1199
