0.000 0
0.039 1
0.079 2
0.119 3
0.158 4
0.198 5
0.238 6
0.277 7
0.317 8
0.357 9
0.397 10
0.437 11
0.477 12
0.517 13
0.557 14
0.597 15
0.637 16
0.677 17
0.718 18
0.758 19
0.798 20
0.838 21
0.879 22
0.919 23
0.960 24
1.000 25
1.041 26
1.081 27
1.122 28
1.163 29
1.203 30
1.244 31
1.285 32
1.326 33
1.366 34
1.407 35
1.448 36
1.489 37
1.530 38
1.571 39
1.612 40
1.653 41
1.694 42
1.735 43
1.776 44
1.817 45
1.858 46
1.899 47
1.941 48
1.982 49
2.023 50
2.064 51
2.106 52
2.147 53
2.188 54
2.230 55
2.271 56
2.312 57
2.354 58
2.395 59
2.436 60
2.478 61
2.519 62
2.561 63
2.602 64
2.644 65
2.685 66
2.727 67
2.768 68
2.810 69
2.851 70
2.893 71
2.934 72
2.976 73
3.017 74
3.059 75
3.100 76
3.142 77
3.184 78
3.225 79
3.267 80
3.308 81
3.350 82
3.391 83
3.433 84
3.474 85
3.516 86
3.557 87
3.599 88
3.640 89
3.682 90
3.723 91
3.765 92
3.806 93
3.848 94
3.889 95
3.931 96
3.972 97
4.013 98
4.055 99
4.096 100
4.138 101
4.179 102
4.220 103
4.262 104
4.303 105
4.344 106
4.385 107
4.427 108
4.468 109
4.509 110
4.550 111
4.591 112
4.633 113
4.674 114
4.715 115
4.756 116
4.797 117
4.838 118
4.879 119
4.920 120
4.961 121
5.002 122
5.043 123
5.084 124
5.124 125
5.165 126
5.206 127
5.247 128
5.288 129
5.328 130
5.369 131
5.410 132
5.450 133
5.491 134
5.532 135
5.572 136
5.613 137
5.653 138
5.694 139
5.735 140
5.775 141
5.815 142
5.856 143
5.896 144
5.937 145
5.977 146
6.017 147
6.058 148
6.098 149
6.138 150
6.179 151
6.219 152
6.259 153
6.299 154
6.339 155
6.380 156
6.420 157
6.460 158
6.500 159
6.540 160
6.580 161
6.620 162
6.660 163
6.701 164
6.741 165
6.781 166
6.821 167
6.861 168
6.901 169
6.941 170
6.981 171
7.021 172
7.060 173
7.100 174
7.140 175
7.180 176
7.220 177
7.260 178
7.300 179
7.340 180
7.380 181
7.420 182
7.460 183
7.500 184
7.540 185
7.579 186
7.619 187
7.659 188
7.699 189
7.739 190
7.779 191
7.819 192
7.859 193
7.899 194
7.939 195
7.979 196
8.019 197
8.059 198
8.099 199
8.138 200
8.178 201
8.218 202
8.258 203
8.298 204
8.338 205
8.378 206
8.418 207
8.458 208
8.499 209
8.539 210
8.579 211
8.619 212
8.659 213
8.699 214
8.739 215
8.779 216
8.819 217
8.860 218
8.900 219
8.940 220
8.980 221
9.020 222
9.061 223
9.101 224
9.141 225
9.181 226
9.222 227
9.262 228
9.302 229
9.343 230
9.383 231
9.423 232
9.464 233
9.504 234
9.545 235
9.585 236
9.626 237
9.666 238
9.707 239
9.747 240
9.788 241
9.828 242
9.869 243
9.909 244
9.950 245
9.991 246
10.031 247
10.072 248
10.113 249
10.153 250
10.194 251
10.235 252
10.276 253
10.316 254
10.357 255
10.398 256
10.439 257
10.480 258
10.520 259
10.561 260
10.602 261
10.643 262
10.684 263
10.725 264
10.766 265
10.807 266
10.848 267
10.889 268
10.930 269
10.971 270
11.012 271
11.053 272
11.094 273
11.135 274
11.176 275
11.217 276
11.259 277
11.300 278
11.341 279
11.382 280
11.423 281
11.465 282
11.506 283
11.547 284
11.588 285
11.630 286
11.671 287
11.712 288
11.753 289
11.795 290
11.836 291
11.877 292
11.919 293
11.960 294
12.001 295
12.043 296
12.084 297
12.126 298
12.167 299
12.209 300
12.250 301
12.291 302
12.333 303
12.374 304
12.416 305
12.457 306
12.499 307
12.540 308
12.582 309
12.624 310
12.665 311
12.707 312
12.748 313
12.790 314
12.831 315
12.873 316
12.915 317
12.956 318
12.998 319
13.040 320
13.081 321
13.123 322
13.165 323
13.206 324
13.248 325
13.290 326
13.331 327
13.373 328
13.415 329
13.457 330
13.498 331
13.540 332
13.582 333
13.624 334
13.665 335
13.707 336
13.749 337
13.791 338
13.833 339
13.874 340
13.916 341
13.958 342
14.000 343
14.042 344
14.084 345
14.126 346
14.167 347
14.209 348
14.251 349
14.293 350
14.335 351
14.377 352
14.419 353
14.461 354
14.503 355
14.545 356
14.587 357
14.629 358
14.671 359
14.713 360
14.755 361
14.797 362
14.839 363
14.881 364
14.923 365
14.965 366
15.007 367
15.049 368
15.091 369
15.133 370
15.175 371
15.217 372
15.259 373
15.301 374
15.343 375
15.385 376
15.427 377
15.469 378
15.511 379
15.554 380
15.596 381
15.638 382
15.680 383
15.722 384
15.764 385
15.806 386
15.849 387
15.891 388
15.933 389
15.975 390
16.017 391
16.059 392
16.102 393
16.144 394
16.186 395
16.228 396
16.270 397
16.313 398
16.355 399
16.397 400
16.439 401
16.482 402
16.524 403
16.566 404
16.608 405
16.651 406
16.693 407
16.735 408
16.778 409
16.820 410
16.862 411
16.904 412
16.947 413
16.989 414
17.031 415
17.074 416
17.116 417
17.158 418
17.201 419
17.243 420
17.285 421
17.328 422
17.370 423
17.413 424
17.455 425
17.497 426
17.540 427
17.582 428
17.624 429
17.667 430
17.709 431
17.752 432
17.794 433
17.837 434
17.879 435
17.921 436
17.964 437
18.006 438
18.049 439
18.091 440
18.134 441
18.176 442
18.218 443
18.261 444
18.303 445
18.346 446
18.388 447
18.431 448
18.473 449
18.516 450
18.558 451
18.601 452
18.643 453
18.686 454
18.728 455
18.771 456
18.813 457
18.856 458
18.898 459
18.941 460
18.983 461
19.026 462
19.068 463
19.111 464
19.154 465
19.196 466
19.239 467
19.281 468
19.324 469
19.366 470
19.409 471
19.451 472
19.494 473
19.537 474
19.579 475
19.622 476
19.664 477
19.707 478
19.750 479
19.792 480
19.835 481
19.877 482
19.920 483
19.962 484
20.005 485
20.048 486
20.090 487
20.133 488
20.175 489
20.218 490
20.261 491
20.303 492
20.346 493
20.389 494
20.431 495
20.474 496
20.516 497
20.559 498
20.602 499
20.644 500
20.687 501
20.730 502
20.772 503
20.815 504
20.857 505
20.900 506
20.943 507
20.985 508
21.028 509
21.071 510
21.113 511
21.156 512
21.199 513
21.241 514
21.284 515
21.326 516
21.369 517
21.412 518
21.454 519
21.497 520
21.540 521
21.582 522
21.625 523
21.668 524
21.710 525
21.753 526
21.796 527
21.838 528
21.881 529
21.924 530
21.966 531
22.009 532
22.052 533
22.094 534
22.137 535
22.179 536
22.222 537
22.265 538
22.307 539
22.350 540
22.393 541
22.435 542
22.478 543
22.521 544
22.563 545
22.606 546
22.649 547
22.691 548
22.734 549
22.776 550
22.819 551
22.862 552
22.904 553
22.947 554
22.990 555
23.032 556
23.075 557
23.117 558
23.160 559
23.203 560
23.245 561
23.288 562
23.331 563
23.373 564
23.416 565
23.458 566
23.501 567
23.544 568
23.586 569
23.629 570
23.671 571
23.714 572
23.757 573
23.799 574
23.842 575
23.884 576
23.927 577
23.970 578
24.012 579
24.055 580
24.097 581
24.140 582
24.182 583
24.225 584
24.267 585
24.310 586
24.353 587
24.395 588
24.438 589
24.480 590
24.523 591
24.565 592
24.608 593
24.650 594
24.693 595
24.735 596
24.778 597
24.820 598
24.863 599
24.905 600
24.948 601
24.990 602
25.033 603
25.075 604
25.118 605
25.160 606
25.203 607
25.245 608
25.288 609
25.330 610
25.373 611
25.415 612
25.458 613
25.500 614
25.543 615
25.585 616
25.627 617
25.670 618
25.712 619
25.755 620
25.797 621
25.840 622
25.882 623
25.924 624
25.967 625
26.009 626
26.052 627
26.094 628
26.136 629
26.179 630
26.221 631
26.263 632
26.306 633
26.348 634
26.390 635
26.433 636
26.475 637
26.517 638
26.560 639
26.602 640
26.644 641
26.687 642
26.729 643
26.771 644
26.814 645
26.856 646
26.898 647
26.940 648
26.983 649
27.025 650
27.067 651
27.109 652
27.152 653
27.194 654
27.236 655
27.278 656
27.320 657
27.363 658
27.405 659
27.447 660
27.489 661
27.531 662
27.574 663
27.616 664
27.658 665
27.700 666
27.742 667
27.784 668
27.826 669
27.869 670
27.911 671
27.953 672
27.995 673
28.037 674
28.079 675
28.121 676
28.163 677
28.205 678
28.247 679
28.289 680
28.332 681
28.374 682
28.416 683
28.458 684
28.500 685
28.542 686
28.584 687
28.626 688
28.668 689
28.710 690
28.752 691
28.794 692
28.835 693
28.877 694
28.919 695
28.961 696
29.003 697
29.045 698
29.087 699
29.129 700
29.171 701
29.213 702
29.255 703
29.297 704
29.338 705
29.380 706
29.422 707
29.464 708
29.506 709
29.548 710
29.589 711
29.631 712
29.673 713
29.715 714
29.757 715
29.798 716
29.840 717
29.882 718
29.924 719
29.965 720
30.007 721
30.049 722
30.090 723
30.132 724
30.174 725
30.216 726
30.257 727
30.299 728
30.341 729
30.382 730
30.424 731
30.466 732
30.507 733
30.549 734
30.590 735
30.632 736
30.674 737
30.715 738
30.757 739
30.798 740
30.840 741
30.881 742
30.923 743
30.964 744
31.006 745
31.047 746
31.089 747
31.130 748
31.172 749
31.213 750
31.255 751
31.296 752
31.338 753
31.379 754
31.421 755
31.462 756
31.504 757
31.545 758
31.586 759
31.628 760
31.669 761
31.710 762
31.752 763
31.793 764
31.834 765
31.876 766
31.917 767
31.958 768
32.000 769
32.041 770
32.082 771
32.124 772
32.165 773
32.206 774
32.247 775
32.289 776
32.330 777
32.371 778
32.412 779
32.453 780
32.495 781
32.536 782
32.577 783
32.618 784
32.659 785
32.700 786
32.742 787
32.783 788
32.824 789
32.865 790
32.906 791
32.947 792
32.988 793
33.029 794
33.070 795
33.111 796
33.152 797
33.193 798
33.234 799
33.275 800
33.316 801
33.357 802
33.398 803
33.439 804
33.480 805
33.521 806
33.562 807
33.603 808
33.644 809
33.685 810
33.726 811
33.767 812
33.808 813
33.848 814
33.889 815
33.930 816
33.971 817
34.012 818
34.053 819
34.093 820
34.134 821
34.175 822
34.216 823
34.257 824
34.297 825
34.338 826
34.379 827
34.420 828
34.460 829
34.501 830
34.542 831
34.582 832
34.623 833
34.664 834
34.704 835
34.745 836
34.786 837
34.826 838
34.867 839
34.908 840
34.948 841
34.989 842
35.029 843
35.070 844
35.110 845
35.151 846
35.192 847
35.232 848
35.273 849
35.313 850
35.354 851
35.394 852
35.435 853
35.475 854
35.516 855
35.556 856
35.596 857
35.637 858
35.677 859
35.718 860
35.758 861
35.798 862
35.839 863
35.879 864
35.920 865
35.960 866
36.000 867
36.041 868
36.081 869
36.121 870
36.162 871
36.202 872
36.242 873
36.282 874
36.323 875
36.363 876
36.403 877
36.443 878
36.484 879
36.524 880
36.564 881
36.604 882
36.644 883
36.685 884
36.725 885
36.765 886
36.805 887
36.845 888
36.885 889
36.925 890
36.965 891
37.006 892
37.046 893
37.086 894
37.126 895
37.166 896
37.206 897
37.246 898
37.286 899
37.326 900
37.366 901
37.406 902
37.446 903
37.486 904
37.526 905
37.566 906
37.606 907
37.646 908
37.686 909
37.725 910
37.765 911
37.805 912
37.845 913
37.885 914
37.925 915
37.965 916
38.005 917
38.044 918
38.084 919
38.124 920
38.164 921
38.204 922
38.243 923
38.283 924
38.323 925
38.363 926
38.402 927
38.442 928
38.482 929
38.522 930
38.561 931
38.601 932
38.641 933
38.680 934
38.720 935
38.760 936
38.799 937
38.839 938
38.878 939
38.918 940
38.958 941
38.997 942
39.037 943
39.076 944
39.116 945
39.155 946
39.195 947
39.235 948
39.274 949
39.314 950
39.353 951
39.393 952
39.432 953
39.471 954
39.511 955
39.550 956
39.590 957
39.629 958
39.669 959
39.708 960
39.747 961
39.787 962
39.826 963
39.866 964
39.905 965
39.944 966
39.984 967
40.023 968
40.062 969
40.101 970
40.141 971
40.180 972
40.219 973
40.259 974
40.298 975
40.337 976
40.376 977
40.415 978
40.455 979
40.494 980
40.533 981
40.572 982
40.611 983
40.651 984
40.690 985
40.729 986
40.768 987
40.807 988
40.846 989
40.885 990
40.924 991
40.963 992
41.002 993
41.042 994
41.081 995
41.120 996
41.159 997
41.198 998
41.237 999
41.276 1000
41.315 1001
41.354 1002
41.393 1003
41.431 1004
41.470 1005
41.509 1006
41.548 1007
41.587 1008
41.626 1009
41.665 1010
41.704 1011
41.743 1012
41.781 1013
41.820 1014
41.859 1015
41.898 1016
41.937 1017
41.976 1018
42.014 1019
42.053 1020
42.092 1021
42.131 1022
42.169 1023
42.208 1024
42.247 1025
42.286 1026
42.324 1027
42.363 1028
42.402 1029
42.440 1030
42.479 1031
42.518 1032
42.556 1033
42.595 1034
42.633 1035
42.672 1036
42.711 1037
42.749 1038
42.788 1039
42.826 1040
42.865 1041
42.903 1042
42.942 1043
42.980 1044
43.019 1045
43.057 1046
43.096 1047
43.134 1048
43.173 1049
43.211 1050
43.250 1051
43.288 1052
43.327 1053
43.365 1054
43.403 1055
43.442 1056
43.480 1057
43.518 1058
43.557 1059
43.595 1060
43.633 1061
43.672 1062
43.710 1063
43.748 1064
43.787 1065
43.825 1066
43.863 1067
43.901 1068
43.940 1069
43.978 1070
44.016 1071
44.054 1072
44.092 1073
44.130 1074
44.169 1075
44.207 1076
44.245 1077
44.283 1078
44.321 1079
44.359 1080
44.397 1081
44.435 1082
44.473 1083
44.512 1084
44.550 1085
44.588 1086
44.626 1087
44.664 1088
44.702 1089
44.740 1090
44.778 1091
44.816 1092
44.853 1093
44.891 1094
44.929 1095
44.967 1096
45.005 1097
45.043 1098
45.081 1099
45.119 1100
45.157 1101
45.194 1102
45.232 1103
45.270 1104
45.308 1105
45.346 1106
45.383 1107
45.421 1108
45.459 1109
45.497 1110
45.534 1111
45.572 1112
45.610 1113
45.647 1114
45.685 1115
45.723 1116
45.760 1117
45.798 1118
45.836 1119
45.873 1120
45.911 1121
45.948 1122
45.986 1123
46.024 1124
46.061 1125
46.099 1126
46.136 1127
46.174 1128
46.211 1129
46.249 1130
46.286 1131
46.324 1132
46.361 1133
46.398 1134
46.436 1135
46.473 1136
46.511 1137
46.548 1138
46.585 1139
46.623 1140
46.660 1141
46.697 1142
46.735 1143
46.772 1144
46.809 1145
46.847 1146
46.884 1147
46.921 1148
46.958 1149
46.995 1150
47.033 1151
47.070 1152
47.107 1153
47.144 1154
47.181 1155
47.218 1156
47.256 1157
47.293 1158
47.330 1159
47.367 1160
47.404 1161
47.441 1162
47.478 1163
47.515 1164
47.552 1165
47.589 1166
47.626 1167
47.663 1168
47.700 1169
47.737 1170
47.774 1171
47.811 1172
47.848 1173
47.884 1174
47.921 1175
47.958 1176
47.995 1177
48.032 1178
48.069 1179
48.105 1180
48.142 1181
48.179 1182
48.216 1183
48.252 1184
48.289 1185
48.326 1186
48.363 1187
48.399 1188
48.436 1189
48.473 1190
48.509 1191
48.546 1192
48.582 1193
48.619 1194
48.656 1195
48.692 1196
48.729 1197
48.765 1198
48.802 1199
48.838 1200
48.875 1201
48.911 1202
48.948 1203
48.984 1204
49.021 1205
49.057 1206
49.093 1207
49.130 1208
49.166 1209
49.202 1210
49.239 1211
49.275 1212
49.311 1213
49.348 1214
49.384 1215
49.420 1216
49.456 1217
49.493 1218
49.529 1219
49.565 1220
49.601 1221
49.637 1222
49.674 1223
49.710 1224
49.746 1225
49.782 1226
49.818 1227
49.854 1228
49.890 1229
49.926 1230
49.962 1231
49.998 1232
50.034 1233
50.070 1234
50.106 1235
50.142 1236
50.178 1237
50.214 1238
50.250 1239
50.286 1240
50.322 1241
50.358 1242
50.393 1243
50.429 1244
50.465 1245
50.501 1246
50.537 1247
50.572 1248
50.608 1249
50.644 1250
50.680 1251
50.715 1252
50.751 1253
50.787 1254
50.822 1255
50.858 1256
50.894 1257
50.929 1258
50.965 1259
51.000 1260
51.036 1261
51.071 1262
51.107 1263
51.142 1264
51.178 1265
51.213 1266
51.249 1267
51.284 1268
51.320 1269
51.355 1270
51.391 1271
51.426 1272
51.461 1273
51.497 1274
51.532 1275
51.567 1276
51.603 1277
51.638 1278
51.673 1279
51.708 1280
51.744 1281
51.779 1282
51.814 1283
51.849 1284
51.885 1285
51.920 1286
51.955 1287
51.990 1288
52.025 1289
52.060 1290
52.095 1291
52.130 1292
52.165 1293
52.200 1294
52.235 1295
52.270 1296
52.305 1297
52.340 1298
52.375 1299
52.410 1300
52.445 1301
52.480 1302
52.515 1303
52.550 1304
52.585 1305
52.620 1306
52.654 1307
52.689 1308
52.724 1309
52.759 1310
52.794 1311
52.828 1312
52.863 1313
52.898 1314
52.932 1315
52.967 1316
53.002 1317
53.037 1318
53.071 1319
53.106 1320
53.140 1321
53.175 1322
53.210 1323
53.244 1324
53.279 1325
53.313 1326
53.348 1327
53.382 1328
53.417 1329
53.451 1330
53.486 1331
53.520 1332
53.555 1333
53.589 1334
53.623 1335
53.658 1336
53.692 1337
53.727 1338
53.761 1339
53.795 1340
53.830 1341
53.864 1342
53.898 1343
53.932 1344
53.967 1345
54.001 1346
54.035 1347
54.069 1348
54.104 1349
54.138 1350
54.172 1351
54.206 1352
54.240 1353
54.274 1354
54.308 1355
54.343 1356
54.377 1357
54.411 1358
54.445 1359
54.479 1360
54.513 1361
54.547 1362
54.581 1363
54.615 1364
54.649 1365
54.683 1366
54.717 1367
54.751 1368
54.785 1369
